1 1 1 2 1 2 2
1 3 1 4 1 3 2
1 12 2 13 1 12 4
1 14 1 15 1 14 2
2 1 3 4 2 1 8
2 14 2 15 2 14 2
1 5 3 5 3 5 3
1 6 3 11 3 8 18
3 12 3 15 3 13 4
4 1 5 2 4 2 4
4 3 5 8 4 6 12
6 8 7 8 6 8 2
4 9 7 15 6 11 28
6 2 9 7 7 7 24
6 1 10 1 8 1 5
8 8 8 15 8 15 8
9 15 15 15 9 15 7
10 2 10 7 10 5 6
9 8 10 14 10 12 14
11 1 11 13 11 12 13
12 1 12 2 12 2 2
12 3 13 8 12 6 12
12 9 13 12 12 11 8
11 14 13 14 12 14 3
13 2 15 2 13 2 3
12 13 13 13 13 13 2
13 1 15 1 14 1 3
14 3 14 14 14 12 12
15 3 15 14 15 11 12
----------
==========
