1 1 4 1 1 1 4
1 3 1 4 1 3 2
1 5 1 7 1 6 3
1 8 1 18 1 17 11
1 19 1 22 1 20 4
1 23 1 25 1 25 3
1 2 5 2 2 2 5
2 3 5 12 3 11 40
2 13 3 25 3 15 26
4 13 4 14 4 14 2
4 15 5 18 4 17 8
4 20 4 22 4 21 3
5 13 5 14 5 14 2
6 2 6 3 6 2 2
6 4 6 7 6 5 4
6 8 6 18 6 10 11
5 22 6 22 6 22 2
4 25 9 25 6 25 6
7 6 7 10 7 8 5
7 11 7 14 7 12 4
7 16 7 17 7 16 2
4 23 8 24 7 23 10
8 10 10 10 8 10 3
8 6 9 8 9 7 6
8 9 11 9 9 9 4
9 23 9 24 9 23 2
10 6 10 8 10 7 3
8 11 10 14 10 13 12
5 20 22 21 10 21 36
11 10 11 14 11 12 5
7 22 20 22 11 22 14
5 1 20 1 13 1 16
12 9 22 14 13 14 66
4 19 22 19 14 19 19
7 15 23 15 17 15 17
10 23 20 25 17 24 33
8 16 23 17 20 17 32
7 18 23 18 21 18 17
21 22 21 24 21 23 3
21 1 23 1 22 1 3
7 2 23 5 22 5 68
11 6 22 8 22 6 36
23 6 23 14 23 14 9
23 19 23 21 23 19 3
21 25 24 25 23 25 4
24 7 24 9 24 7 3
22 22 24 24 24 22 9
24 1 25 6 25 5 12
25 7 25 9 25 7 3
24 10 25 21 25 17 24
25 22 25 25 25 24 4
----------
==========
