1 2 3 2 2 2 3
1 20 2 20 2 20 2
1 21 2 24 2 22 8
1 25 4 25 2 25 4
1 3 3 3 3 3 3
3 20 3 23 3 22 4
1 1 4 1 4 1 4
4 2 4 3 4 3 2
3 24 4 24 4 24 2
5 2 6 2 5 2 2
5 3 6 3 5 3 2
4 20 5 20 5 20 2
1 4 6 19 6 14 96
4 21 17 23 7 23 42
5 1 8 1 8 1 4
6 20 14 20 8 20 9
9 1 12 1 11 1 4
7 2 12 15 12 11 84
7 16 19 17 12 16 26
5 24 25 25 12 25 42
13 1 18 15 14 8 90
7 18 14 19 14 19 16
15 18 18 20 15 20 12
18 21 19 21 18 21 2
18 22 18 23 18 23 2
19 1 23 13 19 12 65
19 14 20 15 19 14 4
19 18 19 20 19 20 3
20 16 20 17 20 17 2
20 18 21 21 20 21 8
19 23 20 23 20 23 2
21 16 21 17 21 17 2
19 22 21 22 21 22 3
22 16 23 18 22 17 6
22 19 23 19 22 19 2
21 14 23 15 23 14 6
22 20 23 21 23 21 4
22 22 23 22 23 22 2
21 23 23 23 23 23 3
24 1 25 1 24 1 2
24 4 25 12 24 12 18
24 13 25 13 24 13 2
24 14 25 23 24 14 20
24 2 25 3 25 3 4
----------
==========
