1 3 1 5 1 4 3
1 20 1 21 1 21 2
1 22 1 27 1 22 6
1 28 1 33 1 33 6
1 34 1 36 1 35 3
2 3 3 4 2 4 4
2 5 3 5 2 5 2
1 37 2 39 2 38 6
2 20 3 20 3 20 2
3 37 9 38 3 37 14
1 40 3 40 3 40 3
4 3 4 5 4 3 3
2 21 7 21 4 21 6
5 3 5 5 5 3 3
1 6 13 10 6 8 65
1 11 6 15 6 15 30
4 40 8 40 6 40 5
6 3 8 3 7 3 3
4 20 7 20 7 20 4
2 22 7 36 7 27 90
6 4 8 5 8 4 6
7 11 9 11 8 11 3
1 16 14 16 8 16 14
8 20 11 20 8 20 4
8 21 8 22 8 21 2
8 23 8 28 8 28 6
8 29 8 30 8 29 2
8 31 9 36 8 32 12
9 3 11 4 9 4 6
7 12 10 14 9 13 12
7 15 10 15 9 15 4
1 17 14 17 9 17 14
9 24 9 25 9 25 2
9 26 9 30 9 30 5
9 40 22 40 9 40 14
9 5 11 5 10 5 3
9 21 14 22 10 22 12
9 23 10 23 10 23 2
10 24 10 34 10 25 11
10 35 10 37 10 36 3
10 38 11 38 10 38 2
3 39 10 39 10 39 8
10 11 12 11 11 11 3
11 12 12 14 11 13 6
1 18 13 19 11 18 26
11 23 11 35 11 30 13
11 36 11 37 11 36 2
12 4 13 5 12 5 4
11 15 14 15 12 15 4
11 39 13 39 12 39 3
13 11 13 14 13 11 4
12 20 14 20 13 20 3
12 3 16 3 14 3 5
14 4 14 14 14 10 11
14 18 14 19 14 18 2
15 4 17 21 15 12 54
15 22 17 22 17 22 3
18 19 18 20 18 20 2
18 4 22 18 19 17 75
19 19 21 20 19 19 6
18 21 19 21 19 21 2
18 22 19 22 19 22 2
14 39 21 39 19 39 8
1 1 22 2 21 1 44
17 3 22 3 21 3 6
20 21 21 21 21 21 2
20 22 21 22 21 22 2
12 23 24 38 22 37 208
23 12 23 13 23 13 2
23 14 24 14 23 14 2
23 15 24 15 23 15 2
23 16 24 18 23 18 6
23 1 24 1 24 1 2
23 2 25 11 24 3 30
24 12 24 13 24 13 2
22 22 24 22 24 22 3
25 12 25 18 25 12 7
25 22 25 33 25 28 12
25 34 28 34 25 34 4
25 35 26 38 25 38 8
25 1 26 1 26 1 2
26 2 26 3 26 3 2
26 4 26 16 26 13 13
26 17 26 18 26 18 2
26 22 28 25 26 24 12
26 26 27 33 26 26 16
27 18 28 18 27 18 2
27 37 27 38 27 37 2
23 40 32 40 27 40 10
27 1 28 11 28 7 22
27 12 31 17 28 12 30
22 19 34 21 28 20 39
28 26 28 27 28 26 2
28 28 28 33 28 33 6
27 35 28 35 28 35 2
22 39 30 39 28 39 9
29 4 29 11 29 7 8
29 23 29 25 29 25 3
29 26 29 29 29 28 4
30 7 30 9 30 9 3
30 10 30 11 30 10 2
29 22 30 22 30 22 2
30 23 30 27 30 25 5
27 36 33 36 30 36 7
29 1 32 3 31 3 12
30 4 32 4 31 4 3
30 5 31 5 31 5 2
30 6 31 6 31 6 2
31 7 31 11 31 11 5
30 28 32 28 31 28 3
31 39 37 39 31 39 7
32 5 32 9 32 9 5
32 10 32 14 32 12 5
32 15 32 17 32 17 3
29 18 32 18 32 18 4
31 22 32 27 32 24 12
33 22 33 28 33 22 7
30 29 33 29 33 29 4
28 37 35 38 33 38 16
33 40 35 40 33 40 3
33 1 35 18 34 2 54
34 22 34 28 34 25 7
35 19 35 20 35 20 2
35 27 35 28 35 28 2
34 36 35 36 35 36 2
36 17 36 20 36 17 4
36 15 37 16 37 16 4
37 17 37 19 37 17 3
36 27 37 27 37 27 2
36 28 40 28 37 28 5
36 40 37 40 37 40 2
38 15 39 15 38 15 2
38 16 38 17 38 17 2
34 29 40 29 38 29 7
29 30 39 35 38 32 66
39 16 40 16 39 16 2
36 36 43 38 39 36 24
38 27 42 27 40 27 5
40 30 40 32 40 30 3
40 33 40 35 40 35 3
36 1 49 14 41 9 196
38 18 42 18 41 18 5
37 20 44 20 41 20 8
41 28 43 28 41 28 3
41 29 43 35 41 35 21
39 17 45 17 42 17 7
43 18 45 18 43 18 3
35 21 44 26 43 22 60
43 27 46 27 44 27 4
44 28 44 36 44 32 9
44 37 44 38 44 37 2
38 39 48 40 44 39 22
41 16 45 16 45 16 5
38 19 45 19 45 19 8
45 20 46 23 45 21 8
45 25 46 26 45 26 4
45 30 46 32 45 31 6
45 33 45 34 45 33 2
45 36 45 38 45 36 3
40 15 49 15 46 15 10
46 16 46 17 46 17 2
46 18 46 19 46 19 2
45 24 46 24 46 24 2
45 28 46 28 46 28 2
45 29 46 29 46 29 2
46 33 46 34 46 33 2
45 35 46 35 46 35 2
46 36 46 38 46 38 3
47 16 50 38 48 29 92
50 1 50 15 50 15 15
49 39 50 40 50 40 4
----------
==========
