1 1 1 4 1 3 4
1 5 1 19 1 17 15
1 20 1 21 1 21 2
1 22 1 25 1 24 4
1 26 1 27 1 26 2
2 1 2 3 2 2 3
2 22 2 27 2 23 6
3 22 7 24 3 23 15
3 25 4 27 3 27 6
1 28 4 28 3 28 4
1 29 3 30 3 29 6
4 29 4 30 4 30 2
5 25 6 29 6 29 10
2 4 7 21 7 21 108
7 25 12 27 7 26 18
8 6 8 11 8 6 6
8 12 8 14 8 12 3
8 19 8 20 8 19 2
8 4 9 4 9 4 2
8 5 9 5 9 5 2
8 17 9 18 9 18 4
9 19 9 20 9 19 2
8 21 10 21 9 21 3
8 22 13 23 9 23 12
8 24 13 24 9 24 6
10 4 13 5 10 5 8
9 6 10 6 10 6 2
10 18 10 20 10 19 3
3 1 20 2 11 1 36
11 6 13 6 11 6 3
9 14 11 14 11 14 3
11 20 11 21 11 21 2
12 20 12 21 12 21 2
5 30 14 30 12 30 10
11 18 17 19 13 19 14
13 20 13 21 13 21 2
13 26 13 27 13 26 2
9 13 19 13 14 13 11
10 17 27 17 14 17 18
14 20 15 20 14 20 2
14 27 16 27 14 27 3
14 21 15 24 15 23 8
13 25 15 25 15 25 3
14 26 15 26 15 26 2
15 30 26 30 15 30 12
14 4 17 6 16 4 12
16 20 16 21 16 21 2
16 22 17 22 16 22 2
3 3 21 3 17 3 19
17 20 17 21 17 21 2
16 23 17 25 17 23 6
16 26 17 26 17 26 2
18 4 19 4 18 4 2
18 5 21 6 18 5 8
12 14 23 14 19 14 12
9 7 23 12 20 12 90
21 1 21 2 21 1 2
20 4 21 4 21 4 2
18 18 27 26 21 18 90
22 1 22 5 22 1 5
22 6 23 6 22 6 2
8 15 23 16 22 15 32
23 5 26 5 23 5 4
7 28 24 29 23 28 36
24 11 24 12 24 11 2
20 13 26 13 24 13 7
24 14 25 16 24 14 6
17 27 26 27 24 27 10
25 12 26 12 25 12 2
25 28 25 29 25 28 2
24 6 26 8 26 8 9
24 9 26 9 26 9 3
24 10 26 10 26 10 3
26 14 27 15 26 14 4
26 16 27 16 26 16 2
26 28 26 29 26 28 2
23 1 28 4 27 3 24
27 5 27 7 27 6 3
27 8 27 9 27 8 2
27 10 28 10 27 10 2
27 12 27 13 27 13 2
27 27 29 28 27 28 6
27 29 27 30 27 30 2
28 5 28 9 28 9 5
25 11 28 11 28 11 4
28 12 28 13 28 13 2
28 14 28 16 28 14 3
28 17 28 26 28 26 10
28 29 28 30 28 30 2
29 29 29 30 29 30 2
29 1 30 26 30 13 52
30 27 30 28 30 28 2
30 29 30 30 30 30 2
----------
==========
