1 2 1 17 1 6 16
1 18 1 23 1 21 6
1 24 1 30 1 30 7
1 1 2 1 2 1 2
2 3 2 4 2 4 2
2 11 3 12 2 12 4
2 16 2 21 2 19 6
2 22 2 27 2 24 6
2 29 2 30 2 30 2
3 1 4 1 3 1 2
2 2 4 2 3 2 3
3 3 6 4 3 3 8
2 5 3 10 3 6 12
2 13 3 13 3 13 2
2 15 3 15 3 15 2
3 16 3 22 3 18 7
3 29 3 30 3 30 2
4 5 4 7 4 7 3
4 8 5 10 4 10 6
4 11 4 13 4 11 3
3 27 6 27 4 27 4
2 28 7 28 4 28 6
5 1 6 1 5 1 2
5 2 6 2 5 2 2
5 5 5 7 5 6 3
5 11 5 13 5 11 3
4 15 5 16 5 16 4
4 22 8 22 5 22 5
4 29 21 30 5 29 36
6 5 6 13 6 9 9
6 15 6 16 6 16 2
7 1 10 12 7 11 48
7 13 11 13 7 13 5
3 23 8 24 7 24 12
7 27 8 27 7 27 2
2 14 17 14 8 14 16
3 25 8 26 8 25 12
9 25 9 27 9 25 3
9 22 10 22 10 22 2
11 1 11 2 11 2 2
11 4 11 12 11 6 9
12 5 12 8 12 6 4
12 9 12 13 12 9 5
11 22 13 22 12 22 3
9 24 12 24 12 24 4
8 28 19 28 12 28 12
11 3 18 3 13 3 8
12 4 16 4 13 4 5
13 6 20 13 13 12 64
4 17 13 19 13 19 30
10 25 17 25 13 25 8
10 26 22 27 13 26 26
12 1 15 2 14 1 8
4 20 36 21 14 20 66
14 17 18 17 15 17 5
9 23 23 23 15 23 15
14 18 17 19 16 18 8
13 5 17 5 17 5 5
17 4 18 4 18 4 2
18 14 20 14 18 14 3
18 18 19 19 18 18 4
19 3 19 4 19 3 2
18 5 20 5 19 5 3
18 25 22 25 19 25 5
20 3 20 4 20 3 2
20 18 20 19 20 19 2
21 9 22 12 21 11 8
21 13 23 14 21 14 6
20 28 21 28 21 28 2
14 22 26 22 22 22 13
22 28 22 29 22 29 2
23 10 23 12 23 10 3
21 18 23 19 23 18 6
13 24 39 24 23 24 27
23 9 34 9 24 9 12
24 18 27 18 24 18 4
22 30 24 30 24 30 3
21 3 40 8 25 7 120
25 30 27 30 25 30 3
24 19 30 19 26 19 7
23 25 34 25 26 25 12
24 10 34 14 28 14 55
27 22 28 22 28 22 2
24 23 28 23 28 23 5
29 22 29 23 29 23 2
23 26 40 29 29 28 72
16 1 39 2 30 1 48
30 22 30 23 30 23 2
7 15 32 16 31 16 52
28 18 32 18 32 18 5
31 19 32 19 32 19 2
31 22 32 22 32 22 2
31 23 32 23 32 23 2
33 22 33 23 33 23 2
33 15 34 16 34 15 4
34 23 37 23 34 23 4
35 10 35 11 35 11 2
35 16 38 16 35 16 4
34 22 36 22 35 22 3
35 25 36 25 35 25 2
35 9 37 9 36 9 3
35 12 37 15 36 14 12
19 17 38 17 36 17 20
33 18 36 19 36 18 8
37 18 37 19 37 19 2
37 20 37 22 37 20 3
37 25 39 25 37 25 3
38 9 40 9 38 9 3
36 10 40 11 38 11 10
38 12 40 12 38 12 3
38 13 38 15 38 15 3
38 18 39 22 38 21 10
38 23 39 23 38 23 2
39 13 40 14 39 14 4
39 16 40 17 39 16 4
28 30 40 30 39 30 13
40 1 40 2 40 1 2
39 15 40 15 40 15 2
40 18 40 19 40 18 2
40 20 40 21 40 21 2
40 22 40 25 40 24 4
----------
==========
